No.        X             Acceleration across Frequency_At Node 805  
                         Real                                       
1          1.000000E+00  7.707600E-07                               
2          1.250000E+00  1.901017E-06                               
3          1.500000E+00  3.991927E-06                               
4          1.750000E+00  7.508028E-06                               
5          2.000000E+00  1.303715E-05                               
6          2.250000E+00  2.131440E-05                               
7          2.500000E+00  3.325419E-05                               
8          2.750000E+00  4.999295E-05                               
9          3.000000E+00  7.294663E-05                               
10         3.250000E+00  1.038891E-04                               
11         3.500000E+00  1.450600E-04                               
12         3.750000E+00  1.993156E-04                               
13         4.000000E+00  2.703455E-04                               
14         4.250000E+00  3.629868E-04                               
15         4.500000E+00  4.836957E-04                               
16         4.750000E+00  6.412745E-04                               
17         5.000000E+00  8.480277E-04                               
18         5.250000E+00  1.121684E-03                               
19         5.500000E+00  1.488736E-03                               
20         5.750000E+00  1.990603E-03                               
21         6.000000E+00  2.695858E-03                               
22         6.250000E+00  3.726826E-03                               
23         6.500000E+00  5.325169E-03    