No.        X             Displacement across Frequency(1)_At Node 61  
                         Real                                         
1          1.000000E+00  5.811617E-02                                 
2          1.250000E+00  9.174408E-02                                 
3          1.500000E+00  1.337994E-01                                 
4          1.750000E+00  1.849070E-01                                 
5          2.000000E+00  2.458574E-01                                 
6          2.250000E+00  3.176387E-01                                 
7          2.500000E+00  4.014800E-01                                 
8          2.750000E+00  4.989082E-01                                 
9          3.000000E+00  6.118253E-01                                 
10         3.250000E+00  7.426136E-01                                 
11         3.500000E+00  8.942794E-01                                 
12         3.750000E+00  1.070657E+00                                 
13         4.000000E+00  1.276698E+00                                 
14         4.250000E+00  1.518890E+00                                 
15         4.500000E+00  1.805896E+00                                 
16         4.750000E+00  2.149520E+00                                 
17         5.000000E+00  2.566265E+00                                 
18         5.250000E+00  3.079906E+00                                 
19         5.500000E+00  3.725967E+00                                 
20         5.750000E+00  4.559995E+00                                 
21         6.000000E+00  5.673950E+00                                 
22         6.250000E+00  7.231907E+00                                 
23         6.500000E+00  9.558074E+00          