No.        X             Reaction Force across Frequency_At Node 200001  
                         Real                                            
1          1.000000E+00  1.619583E+00                                    
2          1.250000E+00  2.556692E+00                                    
3          1.500000E+00  3.728611E+00                                    
4          1.750000E+00  5.152733E+00                                    
5          2.000000E+00  6.851057E+00                                    
6          2.250000E+00  8.851083E+00                                    
7          2.500000E+00  1.118701E+01                                    
8          2.750000E+00  1.390135E+01                                    
9          3.000000E+00  1.704701E+01                                    
10         3.250000E+00  2.069031E+01                                    
11         3.500000E+00  2.491490E+01                                    
12         3.750000E+00  2.982750E+01                                    
13         4.000000E+00  3.556586E+01                                    
14         4.250000E+00  4.231058E+01                                    
15         4.500000E+00  5.030267E+01                                    
16         4.750000E+00  5.987062E+01                                    
17         5.000000E+00  7.147361E+01                                    
18         5.250000E+00  8.577312E+01                                    
19         5.500000E+00  1.037575E+02                                    
20         5.750000E+00  1.269720E+02                                    
21         6.000000E+00  1.579746E+02                                    
22         6.250000E+00  2.013285E+02                                    
23         6.500000E+00  2.660485E+02  