No.        X             Acceleration across Frequency_At Node 805  
                         Real                                       
1          1.000000E+00  7.106076E-01                               
2          1.250000E+00  1.110324E+00                               
3          1.500000E+00  1.598865E+00                               
4          1.750000E+00  2.176232E+00                               
5          2.000000E+00  2.842422E+00                               
6          2.250000E+00  3.597436E+00                               
7          2.500000E+00  4.441274E+00                               
8          2.750000E+00  5.373934E+00                               
9          3.000000E+00  6.395413E+00                               
10         3.250000E+00  7.505714E+00                               
11         3.500000E+00  8.704832E+00                               
12         3.750000E+00  9.992764E+00                               
13         4.000000E+00  1.136951E+01                               
14         4.250000E+00  1.283506E+01                               
15         4.500000E+00  1.438942E+01                               
16         4.750000E+00  1.603257E+01                               
17         5.000000E+00  1.776451E+01                               
18         5.250000E+00  1.958522E+01                               
19         5.500000E+00  2.149468E+01                               
20         5.750000E+00  2.349285E+01                               
21         6.000000E+00  2.557968E+01                               
22         6.250000E+00  2.775507E+01                               
23         6.500000E+00  3.001882E+01  