No.        X             Displacement across Frequency_At Node 61  
                         Real                                      
1          1.000000E+00  2.375665E-01                              
2          1.250000E+00  2.099203E-01                              
3          1.500000E+00  1.753439E-01                              
4          1.750000E+00  1.333229E-01                              
5          2.000000E+00  8.320700E-02                              
6          2.250000E+00  2.419084E-02                              
7          2.500000E+00  4.478707E-02                              
8          2.750000E+00  1.249135E-01                              
9          3.000000E+00  2.177928E-01                              
10         3.250000E+00  3.253835E-01                              
11         3.500000E+00  4.501627E-01                              
12         3.750000E+00  5.952889E-01                              
13         4.000000E+00  7.648411E-01                              
14         4.250000E+00  9.641662E-01                              
15         4.500000E+00  1.200400E+00                              
16         4.750000E+00  1.483269E+00                              
17         5.000000E+00  1.826369E+00                              
18         5.250000E+00  2.249290E+00                              
19         5.500000E+00  2.781298E+00                              
20         5.750000E+00  3.468161E+00                              
21         6.000000E+00  4.385646E+00                              
22         6.250000E+00  5.668935E+00                              
23         6.500000E+00  7.585151E+00 