No.        X             Reaction Force across Frequency_At Node 200001  
                         Real                                            
1          1.000000E+00  4.945329E+00                                    
2          1.250000E+00  5.698603E+00                                    
3          1.500000E+00  6.641173E+00                                    
4          1.750000E+00  7.787341E+00                                    
5          2.000000E+00  9.155240E+00                                    
6          2.250000E+00  1.076753E+01                                    
7          2.500000E+00  1.265239E+01                                    
8          2.750000E+00  1.484483E+01                                    
9          3.000000E+00  1.738846E+01                                    
10         3.250000E+00  2.033789E+01                                    
11         3.500000E+00  2.376206E+01                                    
12         3.750000E+00  2.774888E+01                                    
13         4.000000E+00  3.241186E+01                                    
14         4.250000E+00  3.789978E+01                                    
15         4.500000E+00  4.441120E+01                                    
16         4.750000E+00  5.221678E+01                                    
17         5.000000E+00  6.169481E+01                                    
18         5.250000E+00  7.339029E+01                                    
19         5.500000E+00  8.811754E+01                                    
20         5.750000E+00  1.071497E+02                                    
21         6.000000E+00  1.325942E+02                                    
22         6.250000E+00  1.682107E+02                                    
23         6.500000E+00  2.214266E+02 